

0,2,5,8,10,13,17,21,24,27,31,35,38,40,43,46,48
2,5,1,3,6,2,4,7,3,8,1,6,9,2,5,7,10,3,6,8,11,4,7,12,5,10,13,6,9,11,14,7,10,12,15,8,11,16,9,14,10,13,15,11,14,16,12,15
0,1,0,0,0,0,0,0,0,0,0,0,0,0,1,0,0
0.9
//4*4 grid

0,2,4,6,10,13,16,18,21,25,29,32,35,39,43,46,48,51,54,58,61,64,66,69,73,77,80,83,87,91,94,96,99,102,104
2,3,4,1,4,1,2,3,5,8,4,6,9,5,7,10,6,11,4,9,12,5,8,10,13,6,9,11,14,7,10,15,8,13,16,9,12,14,17,10,13,15,18,11,14,19,12,17,13,16,18,14,17,19,15,18,20,23,19,21,24,20,22,25,21,26,19,24,27,20,23,25,28,21,24,26,29,22,25,30,23,28,31,24,27,29,32,25,28,30,33,26,29,34,27,32,28,31,33,29,32,34,30,33
0,1,0,0,0,0,0,0,0,0,0,0,0,0,0,0,0,0,0,0,0,0,0,0,0,0,0,0,0,0,0,0,0,0,1
0.9
//3 blocks 1:2x2, 2:4x4





0,2,5,7,10,14,17,19,22,26,29,31,34,38,41,43,46,48
2,4,1,3,5,2,6,1,5,7,2,4,6,8,3,5,9,4,8,5,7,9,6,8,10,12,9,11,13,10,14,9,13,15,10,12,14,16,11,13,17,12,16,13,15,17,14,16
0,1,0,0,0,0,0,0,0,0,0,0,0,0,0,0,0,1
0.9
// 2 grids 3*3 connected with 1 vertex





0,4,8,12,16,20
2,3,4,5,1,3,4,5,1,2,4,5,1,2,3,5,1,2,3,4
0,1,1,0,0,0
0.9
//K_5

0,3,6,9,12,15,18,21,24,27,30,33,36,39,42,45,48,51,54,57,60
2,3,4,1,5,7,1,6,10,1,8,9,2,6,11,3,5,18,2,8,12,4,7,14,4,10,15,3,9,17,5,12,19,7,11,13,12,14,20,8,13,15,9,14,16,15,17,20,10,16,18,6,17,19,11,18,20,13,16,19
0,1,0,0,0,0,0,0,0,0,0,0,0,0,0,0,0,0,0,0,1
0.9
//(19) graph 

0,3,8,11,13,17,20,24,27,29,31,34,37,39,43,46,48,52,54
2,3,6,1,3,4,7,17,1,2,5,2,5,3,4,6,8,1,5,7,2,6,9,11,5,10,14,7,12,8,13,7,12,14,9,11,15,10,17,8,11,16,17,12,16,18,14,15,2,13,14,18,15,17
0,1,0,0,0,0,0,0,0,0,0,0,0,0,0,0,0,0,1
0.9
//(17) graph

0,2,5,8,11,13,16,20,24,28,31,34,38,42,46,49,52,56,60,64,67,69,72,75,78,80
2,6,1,3,7,2,4,8,3,5,9,4,10,1,7,11,2,6,8,12,3,7,9,13,4,8,10,14,5,9,15,6,12,16,7,11,13,17,8,12,14,18,9,13,15,19,10,14,20,11,17,21,12,16,18,22,13,17,19,23,14,18,20,24,15,19,25,16,22,17,21,23,18,22,24,19,23,25,20,24
0,1,0,0,0,0,0,0,0,0,0,0,0,0,0,0,0,0,0,0,0,0,0,0,0,1
0.9
//5*5 grid

0,2,5,8,10,13,17,21,24,27,31,35,38,40,43,46,48
2,5,1,3,6,2,4,7,3,8,1,6,9,2,5,7,10,3,6,8,11,4,7,12,5,10,13,6,9,11,14,7,10,12,15,8,11,16,9,14,10,13,15,11,14,16,12,15
0,1,0,0,0,0,0,0,0,0,0,0,0,0,1,0,0
0.9
//4*4 grid

0,7,14,21,28,35,42,49,56
2,3,4,5,6,7,8,1,3,4,5,6,7,8,1,2,4,5,6,7,8,1,2,3,5,6,7,8,1,2,3,4,6,7,8,1,2,3,4,5,7,8,1,2,3,4,5,6,8,1,2,3,4,5,6,7
0,1,1,0,0,0,0,0,0
0.9
//K_8

0,6,12,18,24,30,36,42
2,3,4,5,6,7,1,3,4,5,6,7,1,2,4,5,6,7,1,2,3,5,6,7,1,2,3,4,6,7,1,2,3,4,5,7,1,2,3,4,5,6
0,1,1,0,0,0,0,0
0.9
//K_7

0,5,10,15,20,25,30
2,3,4,5,6,1,3,4,5,6,1,2,4,5,6,1,2,3,5,6,1,2,3,4,6,1,2,3,4,5
0,1,1,0,0,0,0
0.9
//K_6





0,2,5,8,10,13,17,21,24,27,31,35,38,40,43,46,50,53,56,58,61,65,69,72,75,79,83,86,88,91,94,96
2,5,1,3,6,2,4,7,3,8,1,6,9,2,5,7,10,3,6,8,11,4,7,12,5,10,13,6,9,11,14,7,10,12,15,8,11,16,9,14,10,13,15,11,14,16,12,15,17,20,16,18,21,17,19,22,18,23,16,21,24,17,20,22,25,18,21,23,26,19,22,27,20,25,28,21,24,26,29,22,25,27,30,23,26,31,24,29,25,28,30,26,29,31,27,30
0,1,0,0,0,0,0,0,0,0,0,0,0,0,0,0,0,0,0,0,0,0,0,0,0,0,0,0,0,0,0,1
0.9
// 2 grids 4*4 connected with 1 vertex




0,2,4,6,10,13,15,18,22,25,27,30,34,37,39,42,46,49,51,54,56
2,3,4,1,4,1,2,3,5,7,4,6,8,5,9,4,8,10,5,7,9,11,6,8,12,7,11,8,10,12,9,11,13,15,12,14,16,13,17,12,16,18,13,15,17,19,14,16,20,15,19,16,18,20,17,19
0,1,0,0,0,0,0,0,0,0,0,0,0,0,0,0,0,0,0,0,1
0.9
//3 blocks 1:2x2, 2:3x3

0,2,4,6,9,12,14,16,18
2,3,1,4,1,4,2,3,5,4,6,7,5,8,5,8,6,7
0,1,0,0,0,0,0,0,1
0.9
//2 2x2 grids connected with edge




0,4,7,10,12,15,19,23,26,29,33,37,40,42,45,48,50,53,55,58,62,65,67,70,72
2,5,17,19,1,3,6,2,4,7,3,8,1,6,9,2,5,7,10,3,6,8,11,4,7,12,5,10,13,6,9,11,14,7,10,12,15,8,11,16,9,14,10,13,15,11,14,16,12,15,1,18,20,17,21,1,20,22,17,19,21,23,18,20,24,19,23,20,22,24,21,23
0,0,0,0,0,0,0,0,0,0,0,0,0,0,0,0,1,0,0,0,0,0,0,0,1
0.9
// 4x4,3x3 grids merged with vertex 1





0,2,5,7,10,14,17,19,22,24
2,4,1,3,5,2,6,1,5,7,2,4,6,8,3,5,9,4,8,5,7,9,6,8
0,1,0,0,0,0,0,0,0,1
0.9
//3*3 grid

0,2,5,8,10,13,17,21,24,27,31,35,38,40,43,46,48
2,5,1,3,6,2,4,7,3,8,1,6,9,2,5,7,10,3,6,8,11,4,7,12,5,10,13,6,9,11,14,7,10,12,15,8,11,16,9,14,10,13,15,11,14,16,12,15
0,1,0,0,0,0,0,0,0,0,0,0,0,0,0,0,1
0.9
//4*4 Grid


0,2,5,7,10,14,17,20,24,27,30,34,37,40,44,47,49,52,54
2,4,1,3,5,2,6,1,5,7,2,4,6,8,3,5,9,4,8,10,5,7,9,11,6,8,12,7,11,13,8,10,12,14,9,11,15,10,14,16,11,13,15,17,12,14,18,13,17,14,16,18,15,17
0,0,0,0,0,0,0,0,0,0,0,0,1,0,0,0,0,1,0
0,9


0,14,23,31,41,47,56,64,70,79,86,96,100,104,111,118,130,136,147,153,161,166,175,183,191,200,208,213,222,234,240
22,23,15,10,16,6,30,2,14,20,4,24,29,9,16,5,14,1,18,3,8,29,12,5,30,17,4,8,6,7,2,25,14,1,15,20,18,11,28,10,3,27,24,3,20,2,25,1,21,18,3,7,8,12,23,9,25,9,26,23,16,3,6,11,2,3,22,28,16,6,29,24,6,1,18,7,30,11,28,1,4,20,16,17,25,21,22,4,27,7,16,21,9,28,13,26,6,2,13,19,18,11,12,29,15,23,1,19,18,2,4,1,23,14,22,20,4,25,1,8,10,18,22,27,26,2,30,7,11,29,21,29,10,18,24,3,16,9,4,21,13,6,20,26,2,14,17,27,22,12,23,29,14,10,5,1,18,15,25,4,30,18,10,17,6,11,16,15,29,11,19,26,1,8,28,6,28,14,15,24,7,19,1,5,23,28,29,1,30,9,17,26,5,27,10,15,7,4,29,20,16,22,18,28,11,25,7,29,16,19,5,25,11,11,4,22,9,23,24,29,26,8,19,2,25,26,28,16,1,13,9,17,24,22,24,1,16,9,20,3
0,1,1,0,0,0,0,0,0,0,0,0,0,0,0,0,0,0,0,0,0,0,0,0,0,0,0,0,0,0,0
0,9
//30 vertexes 120 edges

0,6,16,25,36,39,49,59,65,72,80,90,96,102,113,121,127,136,144,153,157,168,173,179,187,196,204,210,222,229,240
30,9,4,7,25,3,4,17,24,18,12,15,5,3,23,28,2,22,16,1,23,26,14,27,24,1,21,17,22,10,24,2,9,27,18,19,10,13,2,14,13,20,16,12,21,28,11,17,26,1,9,30,24,29,13,14,8,11,16,14,7,28,25,30,18,15,4,30,10,7,11,1,9,11,5,25,28,14,16,4,26,19,6,7,9,14,22,28,23,10,6,30,22,21,2,25,7,6,21,5,15,16,7,10,3,23,15,8,6,21,17,25,11,14,26,25,13,27,9,17,2,6,10,7,13,3,28,25,18,15,6,14,21,4,2,30,8,4,23,25,17,2,19,29,26,28,29,24,18,4,20,11,25,6,19,30,23,6,17,29,14,12,13,26,27,30,4,28,12,28,4,3,11,3,2,11,20,14,18,4,27,29,3,2,19,7,28,10,19,1,14,12,17,15,8,18,3,29,30,6,19,11,15,21,21,4,3,24,15,30,29,10,6,16,2,24,21,11,30,19,8,22,7,18,28,21,19,26,24,21,17,27,12,20,7,9,1,8,26,28
1,1,0,0,0,0,0,0,0,0,0,0,0,0,0,0,0,0,0,0,0,0,0,0,0,0,0,0,0,0
0,9
//30 vertexes 120 edges
