0,2,5,9,12,14,17,19,21,26,28,30,33,36,38,40,43,52,53,54,55,56,58,59,61,62,65,66,69,71,73,74,76,78,80,83,85,87,89,92,94,97,98,100,102,111,112,113,115,118,120,122,124,126,128,131,133,135,137,138,140,142,146,149,151,154,157,159,161,162,165,176,181,183,185,188,189,193,196,197,203,205,207,209,211,214,216,218,219,221,223,227,230,231,232,234,235,238,240,243,246,249,252,254
2,4,3,9,1,4,5,26,2,17,3,1,6,3,7,8,5,8,6,7,6,10,12,16,71,2,11,9,12,10,13,9,11,14,16,12,15,13,16,14,15,9,13,26,18,19,20,21,22,24,71,4,17,17,17,17,23,17,22,25,17,24,27,3,17,26,29,32,45,30,28,31,29,30,33,28,34,32,35,33,36,103,34,37,35,38,36,39,37,43,41,38,41,103,42,40,39,41,44,39,46,43,47,48,63,55,62,49,64,71,28,44,45,63,45,50,52,45,51,49,55,50,53,49,54,52,57,53,56,45,51,57,55,54,56,60,59,58,61,58,62,60,63,66,45,61,48,45,62,65,45,66,67,64,70,62,65,68,65,70,67,70,68,69,66,92,73,74,77,72,76,75,101,9,17,45,78,98,99,75,71,92,71,93,71,99,72,71,71,91,82,80,71,80,98,72,80,83,84,81,79,77,78,82,80,81,77,84,80,83,80,86,87,91,87,85,85,86,89,90,88,91,89,92,90,85,77,91,73,71,74,95,102,94,97,100,102,96,78,72,100,72,75,101,99,97,102,100,71,97,101,95,40,35
0,0,0,0,0,0,0,0,0,0,0,0,1,0,0,0,0,0,0,0,0,0,0,0,0,0,0,0,0,0,0,0,0,0,0,0,0,0,0,0,0,0,0,0,0,0,0,0,0,0,0,0,0,0,0,0,0,0,0,0,0,0,0,0,0,0,0,0,0,0,0,0,0,0,0,0,0,0,0,0,0,0,0,0,0,0,0,0,0,0,0,0,0,0,0,0,1,0,0,0,0,0,0,0
0.9
//GEANT
0,1,0,0,0,0,0,0,0,0,0,0,0,0,0,0,0,0,0,0,0,0,0,0,0,0,0,0,0,0,0,0,0,0,0,0,0,0,0,0,0,0,0,0,0,0,1,0,0,0,0,0,0,0,0,0,0,0,0,0,0,0,0,0,0,0,0,0,0,0,0,0,0,0,0,0,0,0,0,0,0,0,0,0,0,0,0,0,0,0,0,0,0,0,0,0,0,0,0,0,0,0,0,0
Diameter calculations(ms): 3
reliabcalc Time(ms): 0
0.845183942853091
Recursions: 21687858
Decompose Parallel Facto Time(sec): 26.648
Decompose Facto Time(sec): 27.575
один из блоков значительно больше остальных, прироста нет
0.8390168500180898